[gd_scene load_steps=9 format=2]

[ext_resource path="res://Scripts/Main.gd" type="Script" id=1]
[ext_resource path="res://Scenes/TestLevel2.tscn" type="PackedScene" id=2]
[ext_resource path="res://Scripts/Toaster.tscn" type="PackedScene" id=3]
[ext_resource path="res://Scripts/CameraControl.gd" type="Script" id=4]
[ext_resource path="res://Scenes/Sink.tscn" type="PackedScene" id=5]
[ext_resource path="res://Scenes/Music.tscn" type="PackedScene" id=6]

[sub_resource type="ProceduralSky" id=14]
sky_top_color = Color( 0.992157, 0.627451, 0.996078, 1 )
ground_bottom_color = Color( 0.698039, 0.85098, 1, 1 )
ground_horizon_color = Color( 0.0666667, 0.913725, 1, 1 )

[sub_resource type="Environment" id=15]
background_mode = 2
background_sky = SubResource( 14 )

[node name="Main" type="Spatial"]
script = ExtResource( 1 )

[node name="Pivot" type="Spatial" parent="."]
script = ExtResource( 4 )

[node name="Camera" type="Camera" parent="Pivot"]
transform = Transform( -1, 4.37114e-08, -7.57103e-08, 0, 0.866025, 0.5, 8.74228e-08, 0.5, -0.866025, 0, 5, -5 )
far = 693.1

[node name="Level" type="Spatial" parent="."]

[node name="TestLevel2" parent="Level" instance=ExtResource( 2 )]

[node name="Sink" parent="Level" instance=ExtResource( 5 )]
transform = Transform( -1.76036, 0, -0.949283, 0, 2, 0, 0.949283, 0, -1.76036, 150.825, -24.97, -58.8485 )

[node name="Toaster" parent="." instance=ExtResource( 3 )]
transform = Transform( 1, 0, 0, 0, 0.34202, -0.939693, 0, 0.939693, 0.34202, 0, 6.39416, 0 )

[node name="DirectionalLight" type="DirectionalLight" parent="."]
transform = Transform( 0.866025, -0.433013, 0.25, 0, 0.5, 0.866025, -0.5, -0.75, 0.433013, 0, 0, 0 )
shadow_enabled = true
directional_shadow_mode = 0
directional_shadow_depth_range = 1

[node name="WorldEnvironment" type="WorldEnvironment" parent="."]
environment = SubResource( 15 )

[node name="Music" parent="." instance=ExtResource( 6 )]
