[gd_scene load_steps=8 format=2]

[ext_resource path="res://Scripts/Main.gd" type="Script" id=1]
[ext_resource path="res://Scenes/Level_1.tscn" type="PackedScene" id=2]
[ext_resource path="res://Scripts/Toaster.tscn" type="PackedScene" id=3]
[ext_resource path="res://Scripts/CameraControl.gd" type="Script" id=4]
[ext_resource path="res://Scenes/Music.tscn" type="PackedScene" id=5]
[ext_resource path="res://Asset_test/Score.tscn" type="PackedScene" id=6]
[ext_resource path="res://Scenes/ScoreManager.gd" type="Script" id=7]

[node name="Main" type="Spatial"]
script = ExtResource( 1 )

[node name="Pivot" type="Spatial" parent="."]
script = ExtResource( 4 )

[node name="Camera" type="Camera" parent="Pivot"]
transform = Transform( -1, 4.37114e-08, -7.57103e-08, 0, 0.866025, 0.5, 8.74228e-08, 0.5, -0.866025, 0, 5, -5 )
far = 693.1

[node name="Level" type="Spatial" parent="."]
transform = Transform( 1, 0, 0, 0, 1, 0, 0, 0, 1, -0.390121, 7.62939e-06, -73.4717 )

[node name="Spatial" parent="Level" instance=ExtResource( 2 )]

[node name="Toaster" parent="." instance=ExtResource( 3 )]
transform = Transform( 0.165409, 0.926749, 0.337309, 0, 0.34202, -0.939693, -0.986225, 0.155434, 0.0565732, 138.404, 8.2191, -1.65742 )

[node name="DirectionalLight" type="DirectionalLight" parent="."]
transform = Transform( 0.866025, -0.433013, 0.25, 0, 0.5, 0.866025, -0.5, -0.75, 0.433013, 0, 0, 0 )
shadow_enabled = true
directional_shadow_mode = 0
directional_shadow_depth_range = 1

[node name="Music" parent="." instance=ExtResource( 5 )]

[node name="Score" parent="." instance=ExtResource( 6 )]

[node name="Tag2" type="Spatial" parent="."]
transform = Transform( 1, 0, 0, 0, 1, 0, 0, 0, 1, 4.47116, 0, 0 )

[node name="ScoreManager" type="Spatial" parent="."]
script = ExtResource( 7 )
