[gd_scene load_steps=10 format=2]

[ext_resource path="res://Scripts/Main.gd" type="Script" id=1]
[ext_resource path="res://Scenes/TestLevel2.tscn" type="PackedScene" id=2]
[ext_resource path="res://Scripts/Toaster.tscn" type="PackedScene" id=3]
[ext_resource path="res://Scripts/CameraControl.gd" type="Script" id=4]
[ext_resource path="res://Scenes/Sink.tscn" type="PackedScene" id=5]

[sub_resource type="StyleBoxFlat" id=12]
bg_color = Color( 0.47451, 0.572549, 0.776471, 1 )

[sub_resource type="StyleBoxFlat" id=13]
bg_color = Color( 0.0352941, 0.00392157, 0.00392157, 1 )

[sub_resource type="ProceduralSky" id=14]
sky_top_color = Color( 0.992157, 0.627451, 0.996078, 1 )
ground_bottom_color = Color( 0.698039, 0.85098, 1, 1 )
ground_horizon_color = Color( 0.0666667, 0.913725, 1, 1 )

[sub_resource type="Environment" id=15]
background_mode = 2
background_sky = SubResource( 14 )

[node name="Main" type="Spatial"]
script = ExtResource( 1 )

[node name="Pivot" type="Spatial" parent="."]
script = ExtResource( 4 )

[node name="Camera" type="Camera" parent="Pivot"]
transform = Transform( -1, 4.37114e-08, -7.57103e-08, 0, 0.866025, 0.5, 8.74228e-08, 0.5, -0.866025, 0, 5, -5 )
far = 693.1

[node name="Level" type="Spatial" parent="."]

[node name="TestLevel2" parent="Level" instance=ExtResource( 2 )]

[node name="Sink" parent="Level" instance=ExtResource( 5 )]
transform = Transform( -1.76036, 0, -0.949283, 0, 2, 0, 0.949283, 0, -1.76036, 149.055, -22.7104, -61.9479 )

[node name="Toaster" parent="." instance=ExtResource( 3 )]
transform = Transform( 1, 0, 0, 0, 0.34202, -0.939693, 0, 0.939693, 0.34202, 0, 6.39416, 0 )

[node name="DirectionalLight" type="DirectionalLight" parent="."]
transform = Transform( 0.866025, -0.433013, 0.25, 0, 0.5, 0.866025, -0.5, -0.75, 0.433013, 0, 0, 0 )
shadow_enabled = true
directional_shadow_mode = 0
directional_shadow_depth_range = 1

[node name="PowerBar" type="ProgressBar" parent="."]
margin_left = 22.0
margin_top = 15.0
margin_right = 440.0
margin_bottom = 29.0
custom_styles/fg = SubResource( 12 )
custom_styles/bg = SubResource( 13 )
step = 0.0
value = 50.0
percent_visible = false

[node name="WorldEnvironment" type="WorldEnvironment" parent="."]
environment = SubResource( 15 )
